4294967278,389
4294967294,75
4294967294,18
4294967294,127
4294967294,14
4294967294,126
4294967294,20
4294967294,13
4294967279,543
4294967279,201
4294967279,352
4294967278,256
4294967279,20
4294967279,17
4294967279,16
4294967279,281
4294967278,188
4294967278,187
4294967279,187
4294967279,186
4294967278,182
4294967278,181
4294967279,179
4294967278,178
4294967279,178
4294967279,177
4294967278,172
738,7
738,0
738,6
4294967278,169
4294967278,168
4294967278,310
4294967278,164
4294967279,161
4294967279,160
4294967279,152
4294967278,152
4294967279,151
4294967279,150
4294967279,145
4294967279,143
4294967279,142
4294967279,141
4294967278,141
4294967279,138
4294967279,272
4294967279,136
4294967278,136
4294967278,135
4294967278,134
4294967279,271
4294967279,270
4294967278,288
4294967278,287
4294967279,279
4294967278,274
4294967279,280
4294967278,269
4294967278,264
4294967278,427
4294967278,301
4294967279,337
4294967279,309
4294967278,388
4294967279,354
4294967279,525
4294967278,438
4294967279,566
4294967278,361
4294967278,436
4294967278,435
4294967279,237
4294967278,387
4294967278,88
4294967279,307
4294967279,268
4294967279,221
4294967279,321
4294967278,403
4294967279,336
4294967279,332
4294967278,386
4294967279,556
4294967279,377
4294967279,312
4294967278,432
4294967278,431
4294967279,218
4294967279,375
4294967279,137
4294967278,430
4294967278,394
4294967279,259
4294967278,437
4294967279,224
4294967278,294
4294967279,374
4294967279,329
4294967278,425
4294967278,424
4294967278,371
4294967278,144
4294967278,423
4294967278,422
4294967278,277
4294967278,355
4294967278,421
4294967279,372
4294967278,319
4294967279,535
4294967279,277
4294967278,304
4294967279,519
4294967278,309
4294967279,338
4294967278,284
4294967278,293
4294967279,319
4294967278,337
4294967279,371
4294967279,2
4294967279,538
4294967278,132
4294967278,131
4294967278,130
4294967278,128
4294967278,127
4294967278,126
4294967278,125
4294967278,124
4294967278,123
4294967278,122
4294967278,121
4294967278,120
4294967278,119
4294967278,118
4294967278,117
4294967278,116
4294967278,115
4294967278,114
4294967278,113
4294967278,112
4294967278,111
4294967278,110
4294967278,109
4294967278,108
4294967278,107
4294967278,106
4294967278,105
4294967278,104
4294967278,103
4294967278,102
4294967278,101
4294967278,100
4294967278,99
4294967278,98
4294967278,97
4294967278,96
4294967278,95
4294967278,94
4294967278,93
4294967278,92
4294967278,91
4294967278,87
4294967278,86
4294967278,85
4294967278,84
4294967278,83
4294967278,82
4294967278,81
4294967278,80
4294967278,79
4294967278,78
4294967278,77
4294967278,76
4294967278,74
4294967278,73
4294967278,72
4294967278,71
4294967278,70
4294967278,69
4294967278,68
4294967278,67
4294967278,66
4294967278,65
4294967278,64
4294967278,63
4294967278,62
4294967278,61
4294967278,0
4294967278,346
4294967279,83
4294967279,81
4294967279,80
4294967279,73
4294967279,72
4294967279,70
4294967279,68
4294967279,67
4294967279,60
4294967279,57
4294967279,56
4294967279,54
4294967279,51
4294967279,50
4294967279,48
4294967279,44
4294967279,43
4294967279,40
4294967279,37
4294967279,34
4294967279,33
4294967279,31
4294967279,29
4294967279,28
4294967279,25
4294967279,21
4294967279,18
4294967279,14
4294967279,12
4294967279,11
4294967279,9
4294967279,5
4294967279,4
4294967279,8
4294967279,7
4294967279,6
4294967278,261
4294967294,12
4294967294,1416
4294967278,129
4294967278,404
4294967294,5
4294967294,81
4294967278,419
4294967278,418
4294967279,517
4294967279,308
4294967294,38
4294967294,37
4294967294,36
4294967294,39
4294967278,248
742,5
4294967279,249
742,4
742,3
742,2
742,1
4294967278,401
4294967294,40
4294967278,246
4294967279,245
4294967278,244
4294967279,222
4294967278,242
4294967294,1032
4294967294,186
4294967294,1418
4294967294,1417
4294967279,236
4294967279,328
740,6
4294967294,1
4294967294,489
4294967294,0
4294967294,1031
4294967294,397
4294967294,456
4294967278,299
740,5
4294967279,229
740,4
740,3
740,2
740,1
4294967278,226
4294967278,224
4294967279,219
4294967278,222
4294967279,349
739,5
4294967294,99
4294967294,76
4294967294,1040
4294967294,46
4294967279,215
739,4
739,3
739,2
739,1
4294967278,414
4294967279,558
4294967278,291
4294967279,339
4294967294,29
4294967278,207
4294967279,207
4294967278,206
4294967279,206
4294967278,205
738,5
4294967279,205
738,4
4294967278,204
738,3
738,2
738,1
4294967278,416
4294967294,393
4294967279,287
4294967278,354
4294967279,200
4294967278,426
4294967279,199
4294967278,198
4294967294,2
4294967294,45
4294967294,44
4294967294,1077
4294967278,197
4294967278,259
4294967278,196
4294967278,195
4294967278,192
4294967278,194
737,5
4294967279,194
737,4
4294967278,193
737,3
737,2
737,1
4294967279,191
4294967279,190
4294967279,189
4294967278,186
4294967279,242
4294967294,107
4294967278,185
4294967279,182
4294967279,181
4294967278,180
734,4
4294967278,179
734,3
734,2
734,1
4294967278,272
4294967294,27
4294967294,52
4294967294,53
4294967294,51
4294967294,96
4294967294,94
4294967294,42
4294967279,542
4294967294,28
4294967294,427
4294967294,437
4294967294,43
4294967279,252
4294967294,92
4294967294,91
4294967294,90
4294967294,88
4294967294,87
4294967294,86
4294967294,85
4294967294,84
4294967294,419
4294967294,1078
4294967294,1049
4294967294,1048
4294967278,348
4294967279,289
4294967278,297
4294967278,137
4294967279,331
4294967294,9
4294967279,382
4294967278,369
4294967279,164
4294967278,90
4294967278,89
4294967278,75
4294967278,385
4294967294,22
4294967279,380
4294967278,157
4294967278,156
4294967278,340
4294967278,155
4294967294,8
4294967294,7
4294967279,153
4294967294,6
733,5
733,4
733,3
733,2
733,1
4294967294,1414
4294967278,150
4294967278,149
4294967279,144
4294967294,420
4294967294,178
4294967294,113
4294967278,145
731,6
4294967278,142
731,5
4294967278,140
731,4
731,3
731,2
731,1
4294967278,138
730,5
730,4
730,3
730,2
730,1
4294967278,276
4294967278,249
4294967278,441
729,5
729,4
729,3
729,2
729,1
4294967278,278
4294967278,258
4294967279,520
728,5
728,4
728,3
728,2
728,1
4294967279,294
4294967294,401
4294967294,196
4294967279,368
4294967279,241
725,4
725,3
725,2
725,1
4294967278,362
4294967279,564
4294967278,360
4294967278,316
4294967279,366
4294967279,0
4294967294,17
4294967294,41
4294967294,1074
4294967294,26
4294967278,60
4294967279,65
4294967279,62
0,5
4294967278,393
4294967294,67
4294967294,93
4294967294,95
4294967294,50
4294967294,417
4294967294,25
4294967294,202
4294967294,82
4294967294,83
4294967294,11
4294967294,68
4294967293,131
4294967293,130
4294967293,129
4294967293,128
4294967293,127
4294967293,126
4294967293,125
4294967293,124
4294967293,123
4294967293,122
4294967293,121
4294967293,120
4294967293,119
4294967293,118
4294967293,117
4294967293,116
4294967293,115
4294967293,114
4294967293,113
4294967293,112
4294967293,111
4294967293,110
4294967293,109
4294967293,108
4294967293,107
4294967293,106
4294967293,105
4294967293,104
4294967293,103
4294967293,102
4294967293,101
4294967293,100
4294967293,99
4294967293,98
4294967293,97
4294967293,96
4294967293,95
4294967293,94
4294967293,93
4294967293,92
4294967293,91
4294967293,90
4294967293,89
4294967293,87
4294967293,86
4294967293,85
4294967293,84
4294967293,83
4294967293,82
4294967293,81
4294967293,80
4294967293,79
